static Character characters_Times[] = {
  {'0', 341, 0, 25, 37, 0, 35},
  {'1', 373, 48, 17, 36, -4, 35},
  {'2', 303, 48, 25, 36, 0, 35},
  {'3', 488, 0, 22, 37, -1, 35},
  {'4', 251, 48, 26, 36, 1, 35},
  {'5', 158, 0, 23, 38, 0, 36},
  {'6', 366, 0, 25, 37, 0, 35},
  {'7', 328, 48, 24, 36, 0, 34},
  {'8', 465, 0, 23, 37, -1, 35},
  {'9', 441, 0, 24, 37, 0, 35},
  {'A', 100, 48, 38, 36, 1, 35},
  {'B', 147, 85, 32, 35, 1, 34},
  {'C', 254, 0, 33, 37, 0, 35},
  {'D', 38, 85, 37, 35, 1, 34},
  {'E', 179, 85, 32, 35, 1, 34},
  {'F', 307, 85, 30, 35, 1, 34},
  {'G', 181, 0, 37, 37, 0, 35},
  {'H', 436, 48, 38, 35, 1, 34},
  {'I', 367, 85, 18, 35, 1, 34},
  {'J', 352, 48, 21, 36, 1, 34},
  {'K', 474, 48, 38, 35, 0, 34},
  {'L', 211, 85, 32, 35, 1, 34},
  {'M', 390, 48, 46, 35, 1, 34},
  {'N', 138, 48, 38, 36, 1, 34},
  {'O', 218, 0, 36, 37, 0, 35},
  {'P', 337, 85, 30, 35, 1, 34},
  {'Q', 16, 0, 37, 45, 0, 35},
  {'R', 112, 85, 35, 35, 1, 34},
  {'S', 391, 0, 25, 37, -1, 35},
  {'T', 243, 85, 32, 35, 1, 34},
  {'U', 176, 48, 38, 36, 1, 34},
  {'V', 214, 48, 37, 36, 1, 34},
  {'W', 51, 48, 49, 36, 1, 34},
  {'X', 0, 85, 38, 35, 1, 34},
  {'Y', 75, 85, 37, 35, 0, 34},
  {'Z', 275, 85, 32, 35, 1, 34},
  {'a', 426, 85, 24, 27, 0, 25},
  {'b', 53, 0, 26, 39, 1, 37},
  {'c', 473, 85, 22, 27, 0, 25},
  {'d', 79, 0, 26, 39, 0, 37},
  {'e', 450, 85, 23, 27, 0, 25},
  {'f', 0, 48, 21, 37, 0, 36},
  {'g', 416, 0, 25, 37, 0, 25},
  {'h', 105, 0, 27, 38, 1, 37},
  {'i', 21, 48, 15, 37, 1, 36},
  {'j', 0, 0, 16, 48, 5, 36},
  {'k', 287, 0, 28, 37, 1, 36},
  {'l', 36, 48, 15, 37, 1, 36},
  {'m', 18, 120, 41, 26, 1, 25},
  {'n', 95, 120, 27, 26, 1, 25},
  {'o', 401, 85, 25, 27, 0, 25},
  {'p', 315, 0, 26, 37, 1, 25},
  {'q', 132, 0, 26, 38, 0, 25},
  {'r', 174, 120, 19, 26, 1, 25},
  {'s', 0, 120, 18, 27, -1, 25},
  {'t', 385, 85, 16, 33, 1, 31},
  {'u', 122, 120, 26, 26, 1, 24},
  {'v', 148, 120, 26, 26, 1, 24},
  {'w', 59, 120, 36, 26, 0, 24},
  {'x', 193, 120, 26, 25, 1, 24},
  {'y', 277, 48, 26, 36, 1, 24},
  {'z', 219, 120, 22, 25, 0, 24},
};
